                      ,,,,,,,,,,,,,,,,,,,,,,,,,,,,,,,,,,,,                      
                      ,,,,,,,,,,,,,,,,,,,,,,,,,,,,,,,,,,,,                      
                      ,,,,,,,,,,,,,,,,,,,,,,,,,,,,,,,,,,,,                      
                      ,,,,,,,,,,,,,,,,,,,,,,,,,,,,,,,,,,,,                      
                      ,,,,,,,,,,,99999999,,,,,,,,,,,,,,,,,                      
                      ,,,,,,,,,,9HDWE@mS99,,,,,,,,,,,,,,,,                      
                      ,,,,,,,,,,9HBBB@@@S9,,,,,,,,,,,,,,,,                      
                      ,,,,,,,,,,,9@@@@@@S9,,,,,,,,,,,,,,,,                      
                      ,,,,,,,,,,,9HB@@@Ms9999999,,,,,,,,,,                      
                      ,,,,,,,,,,,,9HB@Mm999999999,,,,,,,,,                      
                      ,,,,,,,,,,,,,96@@SUw999999,,,,,,,,,,                      
                      ,,,,,,,,,,,,,,9HESS9999999,,,,,,,,,,                      
                      ,,,,,,,,,99,,99999Hb9999999,,,,,,,,,                      
                      ,,,,,,,,9999,,99,9999963699,,,,,,,,,                      
                      ,,,,,,,,,99,,,,,,,9Hhhhb999,,,,,,,,,                      
                      ,,,,,,,,,,,,,,,,,,9Hhhbq9,,,,,,,,,,,                      
                      ,,,,,,,,,,,,,,,,,9999999,,,,,,,,,,,,                      
                      ,,,,,,,,,,,,,,,,99999999,,,,,,,,,,,,                      
                      ,,,,,,,,,,,,,,,,999,,999,,,,,,,,,,,,                      
                      ,,,,,,,,,,,,,,,,999,,999,,,,,,,,,,,,                      
                      ,,,,,,,,,,,,,,,,999,,999,,,,,,,,,,,,                      
                      ,,,,,,,,,,,,,,,,999,,999,,,,,,,,,,,,                      
                      ,,,,,,,,,,,,,,,,999,,99,,,,,,,,,,,,,                      
                      ,,,,,,,,,,,,,,,999,,,99,,,,,,,,,,,,,                      
                      ,,,,,,,,,,,,,,9999,,,99,,,,,,,,,,,,,                      
                      ,,,,,,,,,,,,,,99,,,,,99,,,,,,,,,,,,,                      
                      ,,,,,,,,,,,,,,,,,,,,,,,,,,,,,,,,,,,,                      
                      ,,,,,,,,,,,,,,,,,,,,,,,,,,,,,,,,,,,,                      
                      ,,,,,,,,,,,,,,,,,,,,,,,,,,,,,,,,,,,,                      
                      ,,,,,,,,,,,,,,,,,,,,,,,,,,,,,,,,,,,,                      
